%third task

m1 = [3 6; 6 9; 9 12; 12 15; 15 18];
v2 = 2:-0.2:-4;
v3 = [1:124, 1];
v4 = [1, 1:126];